5467693240
1334024702
1551400723
732867740
5323746656
5882611764
6035852506
1936889160
1264869528
1746414992
5907231234
5378067378
868966442
841185957
2132544618
1412909512
163987846
1496731372
254128875
5583361012
1898266678
5316731645
5799848904
6127154290
617954827
765105123
5816695179
5064112130
1051620666
5075619233
450711064
1909030093
1855719150
5389376344
557315104
1923405233
907978797
1211296093
505850159
1079543721
763178284
1454171251
5112247040
1448529544
5400458905
6297807271
695664272
5051608280
1344572696
5419415785
750846772
1538667950
25282926
5507846417
51069904
770734292
2030207758
994003559
2044205780
1380631112
1864938108
1586824288
5492920809
5809690139
5039769742
355355326
561183517
1078407883
6145252377
5903821029
6120600828
5015744495
284628455
648770733
5001390751
353000973
1391775586
754533032
1185896735
1641450868
1851874771
517600009
10999402
5625557457
5705525251
1062799679
5412131287
5634428157
5364093879
5711472268
2141574363
5410153778
827981756
1181918046
2063137864
1778267254
353207252
5066491653
1583084248
1242169194
6003577891
722086041
799473311
1356469075
148350890
906914199
1893969711
5672820230
2051438564
488084463
832748810
2019841148
1782222173
1361989901
5434497432
114873681
1402685142
923534238
131893206
919993983
5146116050
1553369300
1620386773
1157757479
1644843197
1734472698
1236174199
1665287048
5446696294
5464113649
5237198447
1929763973
717344150
211836882
5446522281
1531220496
1973995231
1006105282
1626703628
1581272085
6239026074
5550716537
1707741608
2125458440
5894779054
555696133
1177320916
2100572566
5481405207
5056528125
890566786
1891604256
5223307113
5555776195
6018256386
5276363282
345181502
1102857250
2142697982
5829428237
389532550
1261489318
5408758144
1117412525
1480291287
6291410415
1008951547
951126858
778395043
774628894
5514486611
1065845883
1719719493
1670153403
1875658661
5026605935
1035876131
1548605607
914763232
5598675074
836357341
5651920338
781959155
5973699585
381018343
1275778306
1920932970
999618031
1933274765
533798956
1640509698
1354951401
5683783556
1279505636
848688861
1305550657
5320179013
1036091954
333367197
1058850359
2039266973
1183122547
1140861084
1103637899
1178009446
5373929632
5389252122
925239014
2033076930
1037822421
5239380763
601730001
5545638334
957034512
5403132931
1271083382
315073117
1489558383
5351956723
642612352
894101386
64001741
5872051717
6206952987
5661093334
1597140543
146032196
5316579030
1598206446
5881460570
5767098258
1103913531
6236453716
2135380817
827604160
5903284737
1459884260
755223014
301000138
904651398
5417951886
1942594383
5604890510
5731502505
5371823582
5801931273
1620834970
5312815817
1257894812
5425712465
1940285132
5766412091
604578909
5837791929
84543004
5044758570
5733161704
288374473
895931703
907180248
165842140
882367697
119399008
5239100362
5631580957
1374062496
777085196
5078401736
5288163695
1212523997
1596424254
5778480477
1592234713
1262888191
1867346142
1914022892
1698134482
1426765525
5765298624
846733877
1795145459
5484371704
1561149540
1273296180
1687806048
269775907
674531562
1145038740
5023939273
255342686
5735604776
5472391522
753574282
926228700
469212362
5423333473
1767772867
5149045467
5403390124
870157801
5468536165
6200092678
5852826419
1128304268
5033853424
627299232
512188106
5175236747
5372463466
652754658
1012521377
6154152711
751645563
1686917393
1348226351
1704887033
5443051627
1546879055
887970178
5486350075
75917990
1426800896
814563017
5119915253
376511561
159098896
759514091
399553987
1486503633
1601993765
670370744
1164965439
46307804
1853393551
1162025328
887833088
791329282
1036885617
101516829
649047938
480037721
2055569620
717967179
1051341106
1593906508
5088680720
1374122344
5076500521
1357418323
1808449522
1335197287
1734856368
5603897120
710768447
278625867
1078138437
1275773643
5138703777
1204931581
532481216
1495728176
155673096
5472252648
1507564545
6251023512
5483608714
560469609
5933093450
5024515483
1869094735
1913984394
798103064
6083371405
178026436
1411711912
1054249118
5481986752
23321515
1522005785
697177498
1110000391
917833898
5725069311
1030647507
5725697369
862785380
5769817851
1791399651
5950076323
1278584747
1593392041
2086978776
1292365327
5174134820
1690472225
5212704347
5253332982
2051957162
1417893752
2041485806
893497771
479296761
973254626
209937256
709371503
147897757
673249148
631254546
563639103
43862468
1097756768
5320429990
688061331
990048303
1367180359
5394357700
1980388850
5301975354
927520994
667338539
1270524710
1123051874
795549701
5861791466
496591485
4050475
5687929333
913751285
544228293
5638772267
1621144020
1281006733
562317051
994330393
801316763
1686146566
587424186
432478169
1214377829
1250677221
5528982818
697722674
145103347
1612461130
723204694
1227039397
1576386451
5865203702
960173511
1185970470
5290798024
1121791788
1943966786
1126628767
5385536395
160133947
925180872
5193993074
655787716
1773713020
210905712
426846247
5725940438
5589110491
1639898299
5073455313
647377973
74919088
661935453
912340941
811507958
1942623286
1008137502
5528916059
116632355
1121047118
689211761
1280423163
1827156574
919560069
5543256241
1982693215
850372622
168092730
35405964
1913836999
1090320749
1371923480
5277664550
1733763217
175900635
1356392798
5691384267
788544681
1508272421
1706734610
1183869257
1807128532
5124884462
812199018
5356884840
5960072986
987644918
1469230690
5526762102
866770465
867251116
5379596804
730412993
723656157
1365112956
879636076
1324722303
551431167
1458883534
182079493
6271102615
1101757324
144369466
752629049
1469134687
1298465110
1294066842
1117567469
1231721247
5669216542
1005521507
945044128
1292345625
1082950043
5226112782
284368496
474963625
327413172
1928140567
596730193
1620501913
2036669813
5498777731
5088556830
6247804587
1370631388
5248212008
1292876307
68827099
5071059420
1239748937
5900437763
5069306683
776363680
5669706945
218489552
1223698813
1754371919
853656168
5920243173
175360740
254533953
1012692676
572737850
189219660
72785960
853239538
5421696662
5860714534
166018983
5554360423
5828455906
700313681
710047423
5467285520
2132240458
5339839258
5647985972
5573548805
5696404402
282332565
1525569942
5439029225
5357600781
5832859415
1673110763
1449063006
2139279316
488316095
1537416864
1070328097
957264547
1755075430
1218874392
5556263946
836615710
772747683
713594048
2145099834
874869741
691728854
119756368
929502419
2081992838
5790112421
5750356049
5246932670
1663603208
1043291566
5921877468
783909661
894934092
5268945682
6069075667
5412340655
1410638124
5909753505
997712749
414120613
284778687
1958355347
955464033
5643766999
5967069482
615755314
5710436990
1587742534
596781377
1111906247
239160380
1806779245
5953212008
5075846211
1121948235
1005588091
1085654737
213339736
1118976197
1123031931
5543473251
232935553
1146934378
919044288
1779120421
1192499910
2048785374
1865670793
1083579150
5414322408
837089929
5273655811
1124178472
648058880
5429304316
554336564
5636277448
5831302608
1529128683
809427312
1018785310
1962697214
838434650
819418755
1362595841
5915531124
1069594965
1108847480
1393979867
986755683
6294509790
1170692515
1106241252
5284074877
1876815631
251017
5501952396
2044539799
144506729
6108525312
1835253952
2010688526
466002470
5293840497
977750901
1122278446
1478491375
1057159615
957367900
5489733416
636027231
648973436
1454260155
985593308
682945785
710429376
1061089943
401487288
1334521616
1950787514
5471336653
1368033003
844855576
977077584
1095602021
667107666
713026031
890748959
958190207
5891183201
5764313915
6171270488
1970524372
2036676991
107552662
5040295203
613372701
1174498420
967635018
1270228430
5171354460
49490074
1239135747
5051167511
1165510804
5746392992
6280867107
1053894535
1871070900
1686244565
1205141176
5760021386
1080586606
960824297
5391675145
5409751815
277358583
1182205989
1137942224
1309226913
1408162245
1358451931
543189950
875839747
1666951932
5100860087
2071151067
1086072538
5128971624
626183140
5468361523
5486827328
1846743531
1597775586
832790196
1045091647
403078072
161911621
816920558
16753705
538472098
5179516910
5604081354
848403879
378530951
6112917643
936719053
830572113
265662951
906100438
5029448166
5676879644
1045107279
1415207418
172483625
5345188093
1335592316
5723012430
5661242898
1244673115
422413387
5040815600
1294791065
5587462709
1135788
353412295
5095826057
992619528
5717517605
5944975280
6012505239
1202784060
5402034121
5041480763
922264108
6114628486
1008408726
734131207
5459523979
1508202091
1047755251
1811019244
5785452433
1570206991
1482295368
5306492365
1758661787
1839244724
1584750424
1308242483
5032593578
573591982
1241414076
272162353
5084783646
919234422
954992565
1599012080
1372800860
2043551904
5446914371
1251501060
1708124757
1805999659
675389073
6277987216
1589453497
5575675651
295933823
132657960
789010071
829134122
1263238514
1044010500
984554181
1693161522
146509083
1996852780
507297045
103112830
1245252569
1251455123
5156725756
5089515780
1237954072
1062823881
5401386138
6234377172
5929725167
1714461068
1490644357
5152150139
1353525695
682847848
5054605482
1677814215
1040213109
1143125448
173319368
942527523
5172365891
1015247140
5207855623
1492420046
1783692712
5745398025
1833605093
1099085030
1751941822
768795848
1682717880
1368557658
5332752259
1896576101
706111909
1185667954
384421677
5764354481
1609439385
1125550707
363434986
720304811
1667959193
1123049442
1897368879
1180079783
5319317560
1833568790
551857244
1323700381
429392647
157330671
126755787
1275300601
664960388
5739826962
986228919
5780650318
2083898741
1444991242
5043813641
1896202768
5786283360
5384959300
989910295
795534290
2030709195
342658616
1893149535
5612469500
659401602
841795239
5773208426
1510378886
830896810
465785301
1492964095
1717007
6032807619
1648954321
939736794
38632154
5915563220
5131759453
1268971696
6086059764
1028941848
747755323
1471022810
674287549
5297142133
1961907523
1281191131
602173857
705623771
5221390463
711641325
68655385
5692637396
670238339
164820890
1062140923
1573785581
1846847627
5212661298
1938749171
1358259579
1885038214
862013591
943652881
1032695029
2016056536
377187422
96805002
5218766034
698474964
92263839
636085460
1581478242
1023012967
1185261117
872681777
2031166458
6002185307
5544953517
1906215125
465702747
840388613
945766169
5100876933
5222870703
550512996
6241553522
1449777621
671913133
5652410472
6254819281
1290981666
1923675193
992968881
1421478080
1935555635
1218826705
207246269
1473334858
5296131782
1015263957
5250478762
302642871
5789438987
1588703335
111824133
1697936077
1777652556
1873631347
1320360224
1089786124
5823043856
5899093351
1716438765
869171269
5348638682
5907996887
471225887
2131138736
5775841597
5329414387
1834799863
5645965729
100410708
1255314837
2141478595
939098723
156507018
1957550708
534528269
990601289
1188073160
2043981336
5281249251
596004631
1019722395
239500485
2139367977
1039128856
1070969361
2123417980
1313279790
301019175
719489159
684832091
37658535
702821299
582216807
493873780
5111287752
1392190531
762630439
5279358504
5221773107
1988202469
351399573
422895473
212557310
5372012020
302056513
1327361630
5842438172
728357192
2059008740
1683625760
1666243723
1058113619
1737369047
87835851
1234060298
100965012
547282916
163809974
157571275
1688573026
756581098
1116238547
1369781092
186058490
5726313716
1442406348
5679956601
490378064
772389641
903274619
134632851
1443479728
1571131264
1368742137
6295319976
1551481150
5794330036
863524420
5611583436
1039393202
769998311
1004394612
1973612542
477572413
107872756
407946343
1287350240
1346271938
5776415204
870604590
1954435423
5840132727
5426653462
1313728490
6077906001
470438197
1845472141
164352345
1276196180
1434949478
918174445
1035292188
605416718
878490929
1971889643
953814435
384669602
5011206843
1485451571
1411163354
1287210253
5075992284
32347175
1066362489
972522961
6015466432
5360490364
1175212018
616903487
138493985
6095874237
703189472
1369863047
5885384087
5353608378
1719237831
419815688
990731977
5206722241
1559513427
5249764020
734977627
561821915
710088706
192280133
531733867
5826172908
714443032
1454828278
1184959200
5542902373
1122706833
1927283126
1043948984
524910402
759570827
1496803386
5800981213
1023504046
939180909
972992669
1368464388
5590707693
5115506866
1047848984
1547418394
1904238020
1904914876
1172581326
1068685826
1415038427
434439378
802591261
157059297
5925856684
2113658110
1073635790
5173186916
1831189427
599280857
5445498390
5980802276
1284762785
1264658522
5255815043
1167010424
1324359770
215628420
731858120
1179895991
1939877283
1433698390
5327130029
5105951093
1605458591
1445300243
890893760
5451933924
6265809353
474647516
1663605352
1360067872
484678607
1312158101
95272378
456796698
1091617532
852833619
1133116500
319966254
955929021
5068526609
640699513
28633869
1126070577
308295917
1072033212
703487706
5636926307
648428302
636037328
5033648824
1817401329
951682383
1985033467
116190633
352286717
194272547
5773109513
587577832
1441014266
1422539035
1671658782
124173446
1030989359
129780211
1182014940
1178201566
920660090
852169787
218567930
6079398899
768093231
5555811112
1186087384
146676294
6009122643
5703386331
347159109
823543148
1235230586
1477953786
32264839
6242432737
5158501883
1250248303
794944625
289461734
692454027
1689417201
1107433162
1284275511
1867990640
1868824211
445013052
5386592545
491191255
1488602984
136957484
1544631947
5437177391
1282230516
5845948890
1135723078
6274557443
692343928
1843499827
1832449270
969213648
957657097
1852599488
871984387
1466905248
1212476157
1960818372
902959606
1274484499
1455622246
5485470869
6161470726
852972336
1150573200
5305836867
5117876928
5409327197
1485884782
1408063647
795433913
486092364
960208070
74118417
319640808
5645983051
948515730
1284080685
5834362758
651667781
885363714
1245156012
5266801358
374910625
1268931846
1860641737
1963595164
315391342
5973277422
1403198691
1843313825
954679995
1385324557
1482416904
5696610866
446439848
203560717
5212637840
782140245
540347596
907073778
5216018031
1084410472
5145243097
914363655
589809407
1787315096
5131117464
1536645238
642659828
1659053714
5245087178
5153897863
1059795812
2080368324
1911928341
5823348160
1523975701
459063587
6297451064
996173753
914895628
820275401
945325372
1694605494
1132770076
994869613
1087953309
954942334
1106189589
176003025
5643661751
1351146414
870255608
156693328
423269776
174369046
2132897139
1534160116
742184570
5387812786
853319393
5915008504
5381496595
704970901
1171199975
445339455
1188154399
1689295280
5543158765
1895727085
807481593
1383315175
1233886283
394039287
1778196628
5980408625
5910057231
5042437313
1060398648
1496879433
1762927773
1016539836
1324663611
643662392
1999088364
6122629824
819550936
1443659246
1957869611
793099359
2084292168
137472009
20945197
57077032
225140462
1108476759
5646531616
141691961
1976824349
590851093
1446677046
399268388
5872819246
501409323
911038677
1666544436
356832163
5498913657
1256729058
1544353242
166517170
577711215
1561623113
5116084096
2097195331
5581852794
6074462514
1521022183
1767493248
5555691857
1412909688
1311067948
5610760900
5794254735
1073174645
582203988
6050577822
157762204
1679753677
778265613
1495082397
478135619
1061623011
2001483585
1071412520
1816595967
5954930344
6016264487
5852477213
1781262378
1315971472
845330686
5639235501
1260369290
216400714
1921633508
1206574777
346774520
852995189
1473640877
893787080
1159146926
5416974043
1614564495
2002725386
5788489502
1176174025
505275435
6072282566
1200593398
6180331262
2062606558
1857177574
5443617099
1109698958
1944851354
689459742
1000471519
66330814
5097101390
1704985763
1371978461
108528226
1528743595
1410604555
5293342115
1331665758
5305575314
5252261256
2049006431
656545057
834836509
5281169867
231755179
1796261938
1570275513
49039995
1136507790
327078036
179871436
5067150874
1669178360
677882199
308600474
571974427
6019070518
173619338
1603892438
949654834
473489081
1002404075
840789506
854802676
91803015
2049667434
717329841
1149430589
978062302
5052959324
688003457
1047726560
1359686286
1267071683
743074443
2073257407
789462164
1503869431
5274284075
776580168
1482329903
1373664681
1629600197
1601181355
990455995
5913280578
661101222
1555162857
975347201
1444258617
5320292242
826666089
1659290755
223940966
1206234209
1016264403
5589878175
5306382385
317489628
1699538655
1655337909
1230140541
228341428
1648640074
1533456311
1343259032
5107581455
2018856856
795625084
1685997764
1435697819
581381528
1257382152
1065958204
6108761297
238630469
1693431243
1049063128
6034486765
5534907432
5452793344
6127371890
1257725608
1442864476
1962427509
1917665837
824004039
1413518510
845063097
100336226
1682895610
5536414313
1648381848
1511713075
659798519
5879808045
5682695831
5219250093
1980521416
681662735
528030426
2123325816
413339667
2106965491
988628450
1486985072
1370095715
1165642763
5055742520
1223573947
1985113654
1839830621
1740593952
5852523178
1353561186
5138181813
5269519607
5498674438
836911063
880645442
6220204829
930726402
1394558529
1863907393
1508697956
1766326595
2082476824
1548260436
680272481
1360232337
1806176733
849081073
1950144794
1447080552
634006724
672671810
1343141319
6039294757
5802748366
865546791
547950471
5490026429
2051226979
1454240113
5303894205
2134133407
1955720098
1643605724
228274821
1610596857
1064774365
5823930402
5946928086
973468046
5629328989
616649314
5927797548
149922551
1452309694
1032040912
1391766871
5493440259
993737578
1308890983
1506419868
1271739173
820176268
1783958137
5531361572
337132570
519316443
5648826748
1459659531
6279926266
1242771448
1064653899
5589598865
2072754311
1157437977
665489695
232011169
175606633
79691596
1615879640
677000692
5648334664
787861023
1569879717
2009918251
924013475
1637380593
594192234
5792202515
919779751
2137758747
461971621
5142556729
90324400
1851524426
5946911815
1171100809
5236951858
1142864663
1194464591
1684779136
1316767667
5000612994
5681729987
1080050785
1627416394
1195995788
1007566609
5682085773
1605689012
1148553056
1322178812
5576321864
1974329719
265014454
1492259813
5302545237
643823071
1059493608
124204507
1164079044
589600113
156827975
801151615
5799350606
1243185259
5602029123
5337176521
923563831
1104742510
5552148188
5717253517
916047348
2010607234
1768848572
1870997576
5449676227
1604481308
1929584367
749998389
244128112
5974416993
1027926817
1978308294
1857626562
1756179294
1029940037
612694847
345895872
5471460503
1733716621
1686205286
683248469
5403017087
284291871
1228672689
116053382
1857668121
1902715260
989529841
274369123
408480412
954852413
1341779433
1040653109
647505820
1262023708
643629882
837797875
1358096774
5462178946
784955150
1762369457
1907209793
1102677992
75388508
1624608728
904102734
1044287114
5866998899
1236165400
1299213224
1686535098
1319177474
1699102783
5238763137
192800226
1147377144
557186041
633814658
5551768599
5631735177
969251556
645883667
1591152277
5393897876
1931614048
1490235998
866350189
562412428
1994121781
1900777144
5237101712
1655521415
1230234488
5264085268
1994478748
1353157580
688759407
1079700985
5256812978
43046572
754641715
2045725661
1328226723
985732544
1142478129
5158383766
1919913953
1418025999
1802309684
963514272
480802645
5611984483
1759348065
695804085
1580397804
5289455551
1772544359
5902334700
1816755205
5042321552
244435236
1565523090
5933750923
5061610242
796050641
822828860
1483187301
1545651530
869363347
1444588690
2110700928
1031862031
1939341407
1996788252
5892348029
814281908
1976433696
5735734883
6248010843
589984787
5018040931
1291745441
2009481118
5924845920
1385246318
5975047221
1391187674
1367172660
443360798
1169796275
1677731551
6299148290
1326905794
2048487097
2145638214
1391300222
1000081910
879358364
620317022
1777819488
861690194
868926104
711669687
1124880042
856018167
1429040404
610814234
1833208637
546040868
1375899373
76263240
5876554462
1224393023
1774028289
1056695910
1543189327
1098428776
953181411
1315219809
5550459545
1009809712
1465478503
1705629059
560299301
5674394087
1969348170
1056842287
5214644649
1705166165
565255462
5629193335
582589514
2032800918
5128143438
938590132
919680571
394743132
5959803949
1740776028
93780711
862584834
1124257222
1339554107
579734089
937636856
5432460743
5214695658
6064551691
58954832
744775978
462233436
939286114
828225074
1014088063
751791608
5679584606
1269473990
1901192274
370760699
5857968158
5637554158
6047276748
1062682853
447771576
1531660714
1330200567
836408200
5356595617
930163555
590772754
5921284725
6232384957
1206947183
5597059558
5457984453
6150111327
1494029952
1098276924
5935765877
6239729345
1282382845
1528334768
6054080839
1412158456
1950446737
1434497287
249713030
5742063471
1230272397
5342662834
5219706912
806393580
6280247778
5247708842
511795787
5716822378
1618707671
5623198531
1362701444
5119642575
1998059422
1525889657
1820042641
1200491606
977001344
1122025360
1313516065
6237030365
573998106
5447399608
5779821631
1019286273
1892043546
5562738727
731842042
1372842787
628507164
913844954
198012735
1735068174
6128975450
1838665740
457104791
5154769543
5243501469
2095911494
951340344
5541570442
2118575609
672491546
2105611373
1841773022
5024065084
733311672
5965776707
844487626
787348975
6106408572
1034609464
2142708213
5984203559
705620279
1243446832
969121767
765907236
2103857696
1204745292
5267095052
1844012083
1870160248
1366833176
1207999976
5472651722
6264336285
1646368511
5198535126
1094324241
504520390
1140513081
5599381169
1419316339
1170258273
1905883395
1101945058
227976587
5840635219
6118332681
21196518
1519021873
6155026704
6048159050
5462553126
6264822167
1262223653
1483822281
1480687480
5364448093
6274336801
307897406
6115455426
970328445
620680416
5192423318
529428825
1937949417
1563916623
5051541334
1395543063
1525966727
1443459103
5998505249
1416198414
5091779487
1556004058
1322828615
5138110820
1196868914
5850896613
171185622
5874275191
904552544
1750494442
5009255921
1108505732
6082286944
1288157802
5895565267
5160535609
1388540134
5150807036
863480240
1274491496
1456818303
5656908911
1495812434
917047774
1802049142
985158976
5757229703
5295368717
1443939620
473607418
954745137
910239921
1565982193
1384868749
256257018
5067688222
5294906412
830659361
130100327
507867141
1256622981
621234912
776000363
1798234390
2059955518
1874016164
618928369
5650854182
5862340638
5379874749
563897874
904676710
840891774
5767597492
5327519371
5657429314
5896927151
1057024518
5967207825
491580711
1572770732
1790175937
5980301617
5278018052
63645749
5713357512
5864047097
1450936801
1908187007
2005415458
1086417340
1550644268
1636853967
5984947576
5946115287
1666778317
1106137416
5448033650
132290708
6030404413
5850043624
1253539536
1933747834
5928866886
6022910950
1251577932
1195359207
5162039065
6011232321
5926152802
1871522492
1471254329
5369776971
5341950583
1793090037
971225402
5681368606
6082038132
1367788675
5723103473
1054819041
1445673627
360344043
5789200510
5230521034
5527404167
5796815123
5643037619
6091820417
1034122199
1044861861
1111178190
975079837
1471868665
1841815528
425173983
5723237876
959817444
5508619160
1270277657
658805996
330978343
5564644619
1104012637
596903202
6026996041
5429090724
5750892127
5368943295
5045805893
1835139757
1074650371
1575651256
980242010
5652887914
1490022180
1276371710
1706136909
1035759131
1313868289
2037852364
1294138259
5444220331
609782250
606143921
627965208
5261183760
819937060
954924809
5464259598
1591611808
1389783881
1673628690
769838170
5485975804
5465343414
1689761392
1131175054
5030734339
243164634
1171816968
1731103493
614934676
6015227078
5582654271
6046151531
1256231183
770240194
6219878394
5454321021
5809077733
1387289518
1217804932
5782149959
488603623
1190235193
1705636803
1325478183
5767407104
5035458097
1053356126
6105403552
5838071477
6217293402
608687893
2138906187
5241963678
2021023443
5288910648
5864987850
529303101
1475288014
611712256
1741036880
2105389864
1213399281
1000043352
1927242317
1289293150
1392844137
6159921406
5759882181
1419685595
5058133768
6002012616
1333957829
31793144
308721938
2076072869
2058948201
5813871137
1847256177
1676715579
5676520938
937905440
2014445886
637170609
5915798297
152957306
1967412151
1711395971
5475997395
5130482751
489792893
690566428
5888373762
1351998464
6209300528
6064025278
5886821695
883919298
1275894366
1592921106
6078676173
1785044516
879142503
1837245194
5614459223
6061239783
570610299
745251859
1906392785
478256856
5918794590
5357732626
2129579540
1497824943
278084482
5164020521
5347360952
1222662589
6095056429
1378735340
1175286688
1903839537
1077882513
1807093589
5497438188
6101274967
5160494089
6064265707
6106147963
1941263260
1744415389
6223508939
470684437
739812706
5440083579
5346313329
665615605
5844636619
1327642428
6249830934
5310799043
1850009514
621046834
920186696
2093502635
6179205667
1227089641
1996179759
5200084567
6114671805
1053885802
5500759026
697419912
1094559714
6078303251
765281659
1286993694
796915580
1154078665
910708281
5871055235
1268374233
1071825647
1049687163
5754497537
2004627694
6260024520
957934409
5523412743
992959977
1810848159
6013732321
1698842521
1913813422
5187711137
897149098
5145506668
904742927
6272804405
1102543067
1061890797
674995453
1049170104
1300348348
1733510870
5036012053
891511950
5615388341
1281978049
767380944
5363153679
619588936
1519702434
6182070518
5054321815
1316538101
1764646793
5856058204
5084626761
1108060128
5772675147
5721623319
5839110236
5670768004
1978814712
5194845382
1551985266
6154258755
1461526191
1278128855
1250941491
6273472310
5209523542
6053622108
5222059209
6220448655
1632412908
5337104991
1173194771
1013681104
1690722611
2027135686
1267904610
974005597
1449386210
2068924673
5032971711
5687327359
1338249862
1258799769
1466268053
1266683924
156782952
637726327
1663543782
5257383861
5692233572
978821034
995415006
1052063640
1251645545
6058146095
1297546755
1301862437
5676469416
5787195853
1042287401
1923712813
5021325799
6007168595
770477597
5770554509
5741046048
1999032175
1799796068
2116246799
1964235416
1507427086
6013395151
5976783792
5919108169
5822135630
5045631789
144827710
1006229329
6079793847
991304095
5017869340
2005542006
5007690316
1005926966
1799370944
1365793433
1997368695
5857438981
5509993822
2070775537
873300054
5452697475
226310685
1934867581
1327844615
5845644512
843768591
589701207
645164696
1751254570
1089696397
5405146277
5479557621
1277577688
1430491232
5121894260
645071023
6077031093
959352374
5361021167
1349233520
1071655171
6252055056
947172293
237185732
5915685941
5244763631
1590703896
1032064302
1520589515
1879569842
1612231330
1375961957
1230246205
443040515
1191904690
5353183801
6093474902
83125643
1960651113
5113789665
1222772733
2037082516
760189647
5945468564
5187311485
1253996263
5001017762
1522114255
953607224
1437632414
1394238263
5002297546
692199238
1520336654
5230488012
5421334804
6195695424
1793662526
2142717633
1416580519
5736757725
1151793050
5706813528
1113741654
5045318957
1773472098
1923354643
5376933539
1172008319
1976694716
928549207
711788120
1890735179
1010737488
1662353437
5081708082
755554964
350424942
5193268050
1891323276
5863744005
962976488
6232077462
892584110
1635717111
1277529679
716199050
1061068599
1854314249
1487100415
1325037146
1312123077
6227371601
1871837121
5149680892
5427437799
1143845469
5812144936
5040610717
1872061633
626569975
2129894046
1809495631
5803686170
5789815797
1364064957
6199680179
2126837014
5872978348
2112953934
5152583452
5656097448
1225037909
1096770420
561425571
5372134379
5339660448
1751692159
1575864659
903625046
1126939613
399702283
5985323982
5873345557
5061402838
809144606
5647370140
5876597963
1566421409
1024477666
6055516769
1923306104
887992150
5129616087
6261918359
2010512260
5178761941
5039840656
6027485330
828461678
5913059887
1277246602
1205461282
1946064763
895972380
1006516085
1221995522
6216277563
5073573074
5851720735
492011382
1522042336
391816973
1430635321
1268578310
764992573
5970684833
1496784391
1482743504
1658253243
5181783695
5065392849
5499947836
1021666712
921115081
1402667499
498007148
1548403375
395920422
1629529856
739292693
1371851081
6082159410
5190420056
5928604124
1993049792
1310644288
5331212943
5604754812
5344118604
784567388
1635382902
1618278742
849097627
54408971
5042425910
5960459586
912248266
807256319
1184752797
5389342398
1204717926
1493437127
1885268332
1188925165
5657182674
1841786210
6240039884
1358642666
1169587193
5261881535
5839469198
5620041814
5716401865
6283352474
6075064266
2140901968
1384196797
5097115296
5766535161
5362758511
5696724085
5732978761
1333068346
6091533896
6293309260
5820663167
6213922387
6023628854
5778174642
5392973240
437568621
5840610170
1493066762
5860552177
1922132827
1178550745
5749233197
6294223914
6116603547
2051156180
1437929456
1643919342
6047583090
821118182
403430807
1018067536
1942337688
1750363804
1253927751
5248626673
6176924707
909538398
5468192421
1407908999
1491300397
1290767851
6084624680
1614492804
5602047060
700218401
5925075914
1333019665
1048757996
1646407238
5230962385
1175603452
6203460908
5265529900
349959869
1753165510
798325339
1200106602
1914786040
6192457017
1109012376
778767061
1964689759
5773649813
946648777
492311140
1755755980
2143604972
1724497902
1854522198
1332761098
5744268482
1271653564
601660576
5197648764
1528734661
6061698105
5026749188
1036303503
5975771109
902706436
5947013422
6129925341
5927359245
5623193658
2095470259
1226651327
1675483825
6272250362
1364301955
5012317737
1016869040
6232792748
6078723625
5700611191
1886985023
1416575781
1801190656
6189243582
1210161910
1158155499
5228513084
200095966
6109031953
1830435290
5511307550
1019132973
5670959496
1242902295
1964510373
5819741253
766719251
1964303240
6279070022
775801343
5645857199
1534705868
1999393364
5030052741
6224144530
5875396355
5457930749
6121123573
1519644171
716843124
5955908428
929507672
700653401
727831614
752612800
5681302526
798725990
6147913349
6260677882
5057629842
1261652280
1375535412
1145015136
1627953421
1379242578
446360894
6286659564
6096390492
1709785298
5503690689
1229384975
1058051535
1469616579
1644837548
975493934
5942044533
5198996942
2097062288
6190754422
5401664547
6216918761
6096908512
1859361168
5870437187
1865304190
5334942915
1315076897
5880791293
963553613
1730692557
1921122259
1625438230
564249996
6048668649
974429551
5380367882
5646571216
5053522006
5662978345
1083454962
5287095759
1481527562
5863720686
5406122201
2127808684
5899087774
2052546110
6149191605
2115187047
5992988366
999095234
786453931
1623219271
1005569998
5926865511
1362953808
842672928
5415243048
1227423589
1163052111
5289851974
234543438
1840070057
1264878160
1618558383
5449252972
666442825
968642986
1293124440
5141236277
506324320
1442566772
1869368666
1173845716
890495185
5789659209
5329521369
1078564202
729583693
6226289150
1208345727
1460011745
1383606922
1290927309
5855572006
6296715062
5589345666
1549595841
1322690547
1940849315
5580125497
5237440217
1301811123
5004863059
700819948
6259344295
1869909441
1243555939
1294171545
1212390404
1594991020
875286616
893548742
728492894
1777653694
5307998031
1067772448
5026297357
6264477475
1059149157
675698808
80036005
6179142363
438618283
6246629493
5830768458
1100937898
5936447341
1038019249
5864289804
5974937817
860471449
1775643410
5397347466
5066356902
1663794064
779031413
1916658384
5314699059
5676676184
670786677
1666806488
977389437
644363277
2114972069
627151849
5705027702
5437279271
6287843640
5473210957
114716591
479588274
737737727
5894877818
1704025982
5806728494
1597698764
5760589118
5278305501
1467174710
2129955066
6259969516
1033860515
5264888710
5930917147
1231354289
5056027308
5720059396
5491642097
2026441433
6045287791
1217652121
